0,496
0,495
0,494
0,493
0,492
0,491
0,490
0,489
0,488
0,487
0,486
0,485
0,484
57,4
57,3
57,2
0,483
57,1
57,0
0,482
0,481
0,480
56,3
56,2
0,479
56,1
56,0
0,478
0,477
0,476
55,4
0,475
0,474
0,473
0,472
55,3
55,2
55,1
55,0
0,471
0,243
0,470
54,4
0,469
54,3
54,2
0,468
54,1
54,0
0,467
0,466
0,465
0,464
0,463
0,462
0,461
0,460
53,4
53,3
53,2
53,1
53,0
52,3
52,2
52,1
52,0
51,4
51,3
51,2
51,1
51,0
50,4
50,3
50,2
50,1
50,0
40,2
40,0
40,3
32,2
0,459
0,278
0,9
0,458
0,457
0,386
49,52
49,51
49,50
49,49
49,48
49,47
49,46
49,45
49,44
49,43
49,42
49,41
49,40
49,39
49,38
49,37
49,36
49,35
3,2
3,1
3,3
10,14
10,302
10,8
10,266
10,246
10,207
10,227
10,20
10,2
10,3
11,13
9,7
